-0.6992922  -0.4187437  -0.08832228  0.9080319  0.8389993  -0.09535992  
0.5021775  0.6534503  -0.9210076  -0.9668314  -0.6292517  -0.4357673  
0.8780644  -0.1266698  0.5187895  -0.7727685  0.2352675  -0.3595203  
0.02090943  0.9973814  -0.6134067  0.8958035  -0.1341511  0.9604547  
-0.9303315  -0.7186141  -0.905277  -0.3751572  0.4230895  -0.235299  
-0.94468  0.7574146  0.04798782  -0.3519655  0.8727748  
-0.8199196  0.7252378  0.8327236  -0.02711403  0.6627669  
-0.8094962  
0.5927358  
0.080814  
0.8154914  
-0.5696378  
-0.7862353  
-0.7573442  
