-0.9716983  -0.05219209  -0.1073569  -0.3001541  -0.02021658  -0.979759  
-0.5009027  -0.9933102  -0.03988612  0.6203785  0.7031212  0.09459841  
-0.6586294  -0.3070349  0.2405041  -0.9593008  -0.1067911  0.787667  
-0.7420063  0.04901302  -0.0008867979  0.9460135  -0.4135562  0.8842349  
-0.5412948  -0.52619  0.1840862  -0.5208774  -0.3747548  -0.294521  
0.2591805  -0.3860184  0.972338  -0.8012521  0.4254465  
-0.1999294  -0.7649982  -0.7307491  -0.7496831  -0.6307857  
-0.286507  
-0.344925  
0.6943223  
-0.5743079  
0.7053082  
0.6897233  
-0.7184722  
