0.03610933  0.0509783  0.9095926  0.6226676  0.915082  -0.6384408  
-0.05986249  -0.4649702  0.06216967  0.9507048  0.4594924  0.6100938  
-0.03563035  -0.2180372  -0.7023091  -0.572773  -0.3309959  -0.3621863  
-0.8971183  0.6005654  0.7861848  -0.6268294  -0.3274063  0.2153381  
0.7049339  0.07444513  -0.8726294  -0.5811131  0.7485869  -0.7931306  
0.5738969  -0.8745117  0.1886193  0.9765072  0.5224867  
-0.8780739  -0.9619133  -0.5998597  0.5353487  -0.2642175  
0.6570714  
0.513624  
-0.02389085  
-0.7019646  
-0.4274811  
0.6965218  
0.6791055  