-0.4309801  -0.6349759  -0.7415648  0.4162769  -0.5706575  0.6222765  
-0.7866015  -0.9933102  -0.03988612  0.1559235  0.7031212  0.5497286  
0.09652674  -0.6949687  0.2405041  -0.5226207  0.7093089  0.9327562  
0.6473169  -0.8710418  0.9830401  -0.6552956  -0.4135562  0.1222681  
-0.5412948  -0.52619  -0.2939237  -0.7722342  -0.07601893  -0.5555634  
-0.067577  -0.3860184  0.163951  -0.8012521  -0.7752206  
-0.1565796  -0.7649982  0.760181  0.09841311  -0.3739246  
0.08619583  
-0.1505965  
0.671946  
0.05149639  
-0.09869564  
0.6897233  
-0.7184722  
