-0.3307852  -0.1825346  -0.07717049  0.9401102  0.5214405  0.2129921  
-0.9154744  -0.7417026  -0.1067916  0.9827771  0.1178905  0.6567316  
0.03822029  0.06846941  0.9223216  -0.3355108  -0.8615713  -0.264027  
-0.8197813  -0.03219664  0.8448474  0.1914567  0.8722303  -0.3712803  
0.1868201  -0.3728172  0.8560309  0.2229158  -0.4170588  0.6056588  
-0.8104935  -0.4011549  0.2437078  0.3923082  0.6180069  
-0.7077491  -0.9735885  0.6557932  -0.2591904  0.5421834  
-0.190534  
0.2275344  
-0.7518837  
-0.4314011  
-0.440931  
0.9714677  
-0.1061717  
