-0.07594049  0.767256  -0.5616477  -0.6422255  0.3250711  0.7567945  
-0.9325836  -0.05547869  -0.1144027  0.8325555  0.02366745  0.0400449  
0.9284313  -0.4415864  0.9931138  -0.9453456  0.6786695  0.6518044  
0.7212739  -0.736819  -0.9063895  -0.008814692  0.4182555  0.0636338  
0.853658  -0.8151629  0.4059117  -0.6372383  -0.4841634  -0.03125083  

0.8367639  -0.2921838  0.9933543  -0.7423995  0.8142166  
0.6427875  -0.7100859  -0.7136791  -0.746489  0.9579096  

-0.3111082  
-0.8966022  
0.2738218  
0.4796257  
-0.9850452  

0.6436775  
-0.8143542  

