-0.4309801  -0.6349759  -0.7415648  0.4162769  -0.5706575  0.6222765  
-0.5009027  -0.9933102  -0.03988612  0.6203785  0.7031212  0.850174  
-0.6147435  0.8227191  0.2405041  -0.5226207  0.3562951  0.9327562  
0.6473169  0.04901302  0.388885  -0.6552956  -0.4135562  0.1222681  
-0.5412948  -0.52619  0.9366117  -0.7722342  -0.7157288  -0.5555634  
-0.5739994  -0.3860184  0.163951  -0.8012521  -0.102281  
-0.1565796  -0.7649982  0.760181  -0.8316395  -0.6307857  
0.08619583  
-0.2915019  
0.4090764  
0.05149639  
-0.09869564  
0.6897233  
-0.7184722  
